(10000, 80, 5029, 5040, 5051, 5057, 5058)
(10001, 80, 5030, 5041, 5052)
(10002, 80, 5016, 5027, 5038, 5049)
(10003, 80, 5052, 5041, 5030, 5019, 5013, 5012, 5011)
(10004, 80, 5030, 5019, 5008, 5002, 5001)
(10005, 80, 5028, 5017, 5006)
(10006, 80, 5029, 5018, 5007, 5001)
(10007, 80, 5031, 5020, 5009, 5003, 5002, 5001)
(10008, 80, 5049, 5038, 5027, 5016, 5005)
(10009, 80, 5043, 5032, 5021, 5015, 5014, 5013, 5012)
(10010, 80, 5051, 5040, 5029, 5018, 5007, 5001)
(10011, 80, 5029, 5040, 5051)
(10012, 80, 5029, 5018, 5007, 5001)
(10013, 80, 5053, 5042, 5031, 5020, 5015)
(10014, 80, 5030, 5041, 5052, 5058, 5059)
(10015, 80, 5005, 5016, 5027, 5038, 5044, 5045, 5046)
(10016, 80, 5030, 5019, 5008, 5002, 5001, 5000)
(10017, 80, 5018, 5029, 5040, 5051, 5056)
(10018, 80, 5027, 5038, 5049)
(10019, 80, 5029, 5040, 5051, 5057, 5058)
(10020, 80, 5040, 5029, 5018, 5007, 5002, 5003)
(10021, 80, 5021, 5032, 5043, 5054, 5059)
(10022, 80, 5008, 5019, 5030, 5041, 5047, 5048)
(10023, 80, 5029, 5018, 5007, 5001)
(10024, 80, 5038, 5027, 5016, 5011, 5006, 5001, 5002, 5003)
(10025, 80, 5053, 5042, 5031, 5025)
(10026, 80, 5039, 5028, 5017, 5011)
(10027, 80, 5032, 5043, 5054)
(10028, 80, 5008, 5019, 5030, 5041, 5052, 5058)
(10029, 80, 5032, 5043, 5054)
(10030, 80, 5039, 5028, 5017, 5006)
(10031, 80, 5050, 5039, 5028, 5017, 5006, 5001, 5002, 5003)
(10032, 80, 5017, 5028, 5039, 5050, 5056, 5057)
(10033, 80, 5051, 5040, 5029, 5018, 5007, 5002, 5003, 5004)
(10034, 80, 5006, 5017, 5028, 5034, 5035, 5036)
(10035, 80, 5005, 5016, 5027)
(10036, 80, 5016, 5027, 5038, 5049, 5055)
(10037, 80, 5027, 5016, 5005)
(10038, 80, 5053, 5042, 5031, 5020, 5009, 5004)
(10039, 80, 5020, 5031, 5042, 5053, 5059)
(10040, 80, 5049, 5038, 5027, 5016, 5011, 5012, 5007, 5002, 5003, 5004)
(10041, 80, 5030, 5041, 5052)
(10042, 80, 5049, 5038, 5027, 5016, 5011, 5012)
(10043, 80, 5040, 5029, 5018)
(10044, 80, 5031, 5020, 5009, 5003, 5002, 5001)
(10045, 80, 5006, 5017, 5028, 5039, 5045, 5046, 5047)
(10046, 80, 5030, 5019, 5008, 5002, 5001, 5000)
(10047, 80, 5030, 5041, 5052)
(10048, 80, 5005, 5016, 5027, 5038, 5049)
(10049, 80, 5008, 5019, 5030, 5036)
(10050, 80, 5029, 5040, 5051, 5057)
(10051, 80, 5018, 5029, 5040, 5046, 5047, 5048)
(10052, 80, 5028, 5039, 5050)
(10053, 80, 5018, 5029, 5040, 5046, 5047, 5048)
(10054, 80, 5017, 5028, 5039, 5050, 5056, 5057, 5058)
(10055, 80, 5006, 5017, 5028, 5034, 5035)
(10056, 80, 5030, 5041, 5052, 5058)
(10057, 80, 5049, 5038, 5027, 5016, 5011, 5012, 5013)
(10058, 80, 5032, 5021, 5010, 5004, 5003)
(10059, 80, 5008, 5019, 5030, 5041, 5047)
(10060, 80, 5028, 5039, 5050, 5056, 5057, 5058, 5059)
(10061, 80, 5021, 5032, 5043, 5054, 5059, 5058)
(10062, 80, 5008, 5019, 5030)
(10063, 80, 5027, 5038, 5049, 5055, 5056)
(10064, 80, 5031, 5020, 5009, 5003, 5002, 5001, 5000)
(10065, 80, 5007, 5018, 5029, 5040, 5051, 5056, 5055)
(10066, 80, 5053, 5042, 5031, 5020, 5014, 5013, 5012, 5011)
(10067, 80, 5032, 5043, 5054)
(10068, 80, 5010, 5021, 5032, 5043, 5054, 5059, 5058, 5057)
(10069, 80, 5018, 5029, 5040, 5051, 5056)
(10070, 80, 5030, 5041, 5052, 5058, 5059)
(10071, 80, 5053, 5042, 5031, 5025)
(10072, 80, 5052, 5041, 5030, 5019, 5008, 5002, 5001)
(10073, 80, 5031, 5020, 5009, 5003, 5002, 5001)
(10074, 80, 5051, 5040, 5029, 5023)
(10075, 80, 5031, 5042, 5053, 5059)
(10076, 80, 5051, 5040, 5029, 5018, 5007, 5001)
(10077, 80, 5007, 5018, 5029, 5040)
(10078, 80, 5007, 5018, 5029, 5040, 5051, 5056)
(10079, 80, 5029, 5040, 5051, 5057)
(10080, 80, 5032, 5021, 5010, 5004, 5003, 5002, 5001)
(10081, 80, 5018, 5029, 5040, 5046)
(10082, 80, 5040, 5029, 5018, 5007, 5001, 5000)
(10083, 80, 5054, 5043, 5032, 5021, 5010)
(10084, 80, 5019, 5030, 5041, 5047, 5048)
(10085, 80, 5052, 5041, 5030, 5019, 5014, 5015)
(10086, 80, 5038, 5027, 5016, 5005, 5000, 5001)
(10087, 80, 5029, 5018, 5007, 5001, 5000)
(10088, 80, 5032, 5043, 5054)
(10089, 80, 5030, 5019, 5008, 5002)
(10090, 80, 5008, 5019, 5030, 5036)
(10091, 80, 5053, 5042, 5031, 5020, 5009)
(10092, 80, 5040, 5029, 5018, 5012, 5011)
(10093, 80, 5027, 5016, 5005)
(10094, 80, 5030, 5019, 5008)
(10095, 80, 5032, 5021, 5010)
(10096, 80, 5052, 5041, 5030, 5024, 5023)
(10097, 80, 5028, 5039, 5050, 5056, 5057, 5058)
(10098, 80, 5021, 5032, 5043)
(10099, 80, 5054, 5043, 5032, 5021)
(10100, 80, 5028, 5039, 5050)
(10101, 80, 5017, 5028, 5039, 5050, 5055)
(10102, 80, 5028, 5017, 5006)
(10103, 80, 5005, 5016, 5027, 5038, 5049, 5055, 5056, 5057, 5058, 5059)
(10104, 80, 5018, 5029, 5040, 5051)
(10105, 80, 5030, 5041, 5052, 5058, 5059)
(10106, 80, 5039, 5028, 5017, 5011)
(10107, 80, 5009, 5020, 5031, 5042, 5053, 5058, 5057)
(10108, 80, 5038, 5027, 5016)
(10109, 80, 5028, 5039, 5050)
(10110, 80, 5020, 5031, 5042, 5048)
(10111, 80, 5050, 5039, 5028, 5017, 5012, 5013)
(10112, 80, 5031, 5042, 5053, 5059)
(10113, 80, 5038, 5027, 5016, 5011, 5006, 5001, 5002, 5003)
(10114, 80, 5016, 5027, 5038, 5044, 5045, 5046, 5047, 5048)
(10115, 80, 5006, 5017, 5028, 5039)
(10116, 80, 5041, 5030, 5019, 5008, 5002, 5001)
(10117, 80, 5028, 5039, 5050, 5056)
(10118, 80, 5016, 5027, 5038, 5044)
(10119, 80, 5039, 5028, 5017, 5006, 5000)
(10120, 80, 5028, 5017, 5006)
(10121, 80, 5051, 5040, 5029, 5018, 5012, 5011)
(10122, 80, 5017, 5028, 5039, 5050, 5055)
(10123, 80, 5053, 5042, 5031, 5020)
(10124, 80, 5041, 5030, 5019, 5008, 5003)
(10125, 80, 5019, 5030, 5041, 5052, 5058)
(10126, 80, 5009, 5020, 5031, 5042, 5053)
(10127, 80, 5028, 5017, 5006)
